Data	03.12.2024
Experiment #	2678_R101
DateTime	RelativeTime	H2 Node	H2 Set-Point	H2 Actual Flow	N2 Node	N2 Set-Point	N2 Actual Flow	T Reactor (sliding TC)	T Heater UP	SP Heater UP	T Heater Down	SP Heater Down	Pressure setpoint	N2 poisoning set-point	N2 poisoning Actual flow	H2 Uncontrolled flow	N2 Uncontrolled flow	Inlet calc. flowrate	Outlet meas.flowrate	Pressure reading	T14	T13	T12	T11	T10	T9	T8	T7	T6	T5	T4	T3	T2	T1	
-	s	-	ml/min	ml/min	-	ml/min	ml/min	 C	 C	 C	 C	 C	bar	ml/min	ml/min	ml/min	ml/min	g/h	g/h	bar	 C	 C	 C	 C	 C	 C	 C	 C	 C	 C	 C	 C	 C	 C	
03/12/24 20:11:51	306.75	4.00	1350.00	1349.58	5.00	450.00	448.19	990.00	34.95	250.00	990.00	250.00	101.00	0.00	0.00	0.00	0.00	40.81	37.68	92.95	37.36	37.39	37.68	37.49	37.76	37.18	36.69	36.78	36.88	36.94	36.62	36.72	36.68	36.91
03/12/24 20:16:52	607.82	4.00	1350.00	1349.92	5.00	450.00	449.95	990.00	40.00	250.00	990.00	250.00	101.00	0.00	0.00	0.00	0.00	40.94	40.01	92.90	38.90	39.20	39.55	39.47	39.77	39.11	38.52	38.63	38.72	38.75	38.56	38.63	38.47	38.70
03/12/24 20:21:53	909.31	4.00	1350.00	1349.95	5.00	450.00	449.95	990.00	44.11	250.00	990.00	250.00	101.00	0.00	0.00	0.00	0.00	40.94	40.09	92.85	41.41	41.69	42.17	42.11	42.36	41.73	41.21	41.23	41.27	41.27	41.06	41.18	41.01	41.22
03/12/24 20:26:55	1210.56	4.00	1350.00	1349.94	5.00	450.00	449.99	990.00	47.94	250.00	990.00	250.00	101.00	0.00	0.00	0.00	0.00	40.94	40.10	92.81	44.54	44.88	45.30	45.27	45.40	44.83	44.17	44.20	44.32	44.34	44.13	44.20	44.11	44.40
03/12/24 20:31:55	1511.31	4.00	1350.00	1349.95	5.00	450.00	449.96	990.00	51.80	250.00	990.00	250.00	101.00	0.00	0.00	0.00	0.00	40.94	40.09	92.76	47.91	48.25	48.68	48.72	48.84	48.26	47.56	47.59	47.71	47.70	47.52	47.61	47.52	47.80
03/12/24 20:36:56	1812.30	4.00	1350.00	1349.97	5.00	450.00	449.96	990.00	55.61	250.00	990.00	250.00	101.00	0.00	0.00	0.00	0.00	40.94	40.08	92.71	51.35	51.78	52.21	52.26	52.46	51.86	51.17	51.21	51.28	51.26	51.11	51.24	51.16	51.37
03/12/24 20:41:58	2113.80	4.00	1350.00	1349.95	5.00	450.00	449.99	990.00	59.47	250.00	990.00	250.00	101.00	0.00	0.00	0.00	0.00	40.94	40.08	92.67	54.93	55.32	55.86	55.88	56.06	55.38	54.77	54.81	54.83	54.88	54.85	54.98	54.76	55.04
03/12/24 20:46:59	2415.17	4.00	1350.00	1349.96	5.00	450.00	449.97	990.00	63.30	250.00	990.00	250.00	101.00	0.00	0.00	0.00	0.00	40.94	40.08	92.62	58.53	58.96	59.45	59.55	59.68	59.11	58.47	58.57	58.54	58.57	58.49	58.65	58.59	58.82
03/12/24 20:52:00	2715.92	4.00	1350.00	1349.94	5.00	450.00	450.00	990.00	67.13	250.00	990.00	250.00	101.00	0.00	0.00	0.00	0.00	40.95	40.07	92.57	62.19	62.66	63.18	63.28	63.43	62.84	62.13	62.19	62.31	62.35	62.31	62.45	62.33	62.63
03/12/24 20:57:00	3016.17	4.00	1350.00	1349.96	5.00	450.00	449.98	990.00	70.99	250.00	990.00	250.00	101.00	0.00	0.00	0.00	0.00	40.94	40.06	92.52	65.81	66.28	66.78	66.91	67.13	66.58	65.84	65.95	66.02	66.08	66.09	66.27	66.12	66.40
03/12/24 21:02:02	3318.04	4.00	1350.00	1349.97	5.00	450.00	450.05	990.00	74.80	250.00	990.00	250.00	101.00	0.00	0.00	0.00	0.00	40.95	40.04	92.48	69.55	70.04	70.64	70.73	70.89	70.30	69.67	69.74	69.85	69.91	69.89	70.09	69.99	70.26
03/12/24 21:07:04	3619.84	4.00	1350.00	1349.96	5.00	450.00	449.96	990.00	78.68	250.00	990.00	250.00	101.00	0.00	0.00	0.00	0.00	40.94	40.05	92.43	73.17	73.71	74.36	74.53	74.60	74.03	73.43	73.55	73.64	73.74	73.68	73.84	73.81	74.16
03/12/24 21:12:05	3920.91	4.00	1350.00	1349.95	5.00	450.00	449.97	990.00	82.49	250.00	990.00	250.00	101.00	0.00	0.00	0.00	0.00	40.94	40.02	92.38	76.89	77.45	78.03	78.23	78.51	77.93	77.16	77.31	77.47	77.58	77.45	77.67	77.61	77.96
03/12/24 21:17:05	4220.96	4.00	1350.00	1349.91	5.00	450.00	449.98	990.00	86.34	250.00	990.00	250.00	101.00	0.00	0.00	0.00	0.00	40.94	40.02	92.33	80.62	81.20	81.89	82.03	82.21	81.69	80.89	81.04	81.16	81.27	81.28	81.54	81.48	81.82
03/12/24 21:22:05	4521.02	4.00	1350.00	1349.96	5.00	450.00	450.00	990.00	90.16	250.00	990.00	250.00	101.00	0.00	0.00	0.00	0.00	40.95	40.02	92.28	84.31	84.90	85.53	85.73	86.01	85.41	84.69	84.82	85.00	85.12	85.14	85.41	85.27	85.59
03/12/24 21:27:06	4822.15	4.00	1350.00	1349.97	5.00	450.00	449.95	990.00	93.98	250.00	990.00	250.00	101.00	0.00	0.00	0.00	0.00	40.94	40.02	92.23	87.93	88.55	89.30	89.50	89.71	89.16	88.57	88.66	88.82	88.97	88.99	89.28	89.09	89.44
03/12/24 21:32:08	5123.52	4.00	1350.00	1349.97	5.00	450.00	449.98	990.00	97.84	250.00	990.00	250.00	101.00	0.00	0.00	0.00	0.00	40.94	40.00	92.18	91.76	92.41	93.10	93.30	93.54	93.00	92.31	92.46	92.68	92.82	92.83	93.08	93.00	93.37
03/12/24 21:37:09	5425.04	4.00	1350.00	1349.97	5.00	450.00	450.03	990.00	101.67	250.00	990.00	250.00	101.00	0.00	0.00	0.00	0.00	40.95	40.00	92.14	95.51	96.17	96.87	97.12	97.34	96.81	96.07	96.32	96.60	96.76	96.66	96.92	96.92	97.30
03/12/24 21:42:10	5726.29	4.00	1350.00	1349.97	5.00	450.00	449.99	990.00	105.53	250.00	990.00	250.00	101.00	0.00	0.00	0.00	0.00	40.94	39.99	92.08	99.17	99.88	100.55	100.83	101.17	100.56	99.97	100.20	100.27	100.44	100.60	100.84	100.70	101.13
03/12/24 21:47:13	6028.51	4.00	1350.00	1349.95	5.00	450.00	449.98	990.00	109.36	250.00	990.00	250.00	101.00	0.00	0.00	0.00	0.00	40.94	40.00	92.04	102.96	103.69	104.36	104.67	105.13	104.52	103.81	104.04	104.21	104.42	104.41	104.70	104.64	105.08
03/12/24 21:52:13	6329.31	4.00	1350.00	1349.95	5.00	450.00	449.98	990.00	113.22	250.00	990.00	250.00	101.00	0.00	0.00	0.00	0.00	40.94	39.98	91.99	106.70	107.42	108.26	108.50	108.84	108.32	107.63	107.89	108.05	108.22	108.31	108.65	108.49	108.91
03/12/24 21:57:15	6631.19	4.00	1350.00	1349.98	5.00	450.00	449.96	990.00	117.05	250.00	990.00	250.00	101.00	0.00	0.00	0.00	0.00	40.94	39.99	91.95	110.43	111.18	111.90	112.22	112.65	112.07	111.43	111.63	111.84	112.05	112.00	112.38	112.35	112.72
03/12/24 22:02:17	6932.56	4.00	1350.00	1349.96	5.00	450.00	449.99	990.00	120.90	250.00	990.00	250.00	101.00	0.00	0.00	0.00	0.00	40.94	39.98	91.90	114.17	114.96	115.72	116.02	116.34	115.82	115.19	115.42	115.66	115.87	115.96	116.34	116.21	116.62
03/12/24 22:07:17	7232.89	4.00	1350.00	1349.97	5.00	450.00	449.93	990.00	124.76	250.00	990.00	250.00	101.00	0.00	0.00	0.00	0.00	40.94	39.98	91.86	117.81	118.62	119.53	119.80	120.24	119.72	119.05	119.33	119.43	119.66	119.79	120.14	120.01	120.37
03/12/24 22:12:19	7534.74	4.00	1350.00	1349.96	5.00	450.00	450.02	990.00	128.58	250.00	990.00	250.00	101.00	0.00	0.00	0.00	0.00	40.95	39.99	91.81	121.56	122.42	123.29	123.64	123.99	123.45	122.79	123.09	123.36	123.59	123.74	124.07	123.84	124.28
